analytical gradient
[0.00629664 0.01399532 0.00454364 0.00686288 0.01040595 0.01289579
 0.00570705 0.01026414 0.02057554 0.01074709]
error =  0.006688514444444444

numerical gradient
[0.00418164 0.0085083  0.00582435 0.00746015 0.00558559 0.00500218
 0.01734223 0.00739656 0.00670909 0.00389588]
error =  0.007190594543629855


Cross validation
Uniform distribution:
Optimal sigma: 0.49923911205963706
error =  0.00492164292966763
Optimal sigma: 0.6406371832484791
error =  0.00597288

Normal distribution:
Optimal sigma: 0.7746493768699549
error =  0.002902606983712298


Error N
[[4.72135020e-02 4.55209261e-02 1.69549165e-02 2.30487157e-02
  8.88533991e-03 1.22207566e-02 3.56895174e-03 9.95838852e-03
  1.36834377e-02]
 [1.43275579e-01 3.46841135e-02 2.20117192e-02 1.21422526e-02
  1.49213129e-02 2.33785997e-02 8.05991124e-03 6.19754993e-03
  5.12110818e-03]
 [4.37158392e-01 8.31162616e-02 3.84860930e-02 3.21633583e-02
  2.23263128e-02 8.33614910e-03 3.20848154e-02 4.24234869e-03
  7.29659061e-03]
 [3.14683192e+00 3.94022874e-02 1.61245281e-02 1.93835606e-02
  8.17680030e-03 6.24784176e-03 4.76618503e-03 5.34709021e-03
  4.46910268e-03]
 [8.36007435e-02 2.92750184e-02 1.81530175e-02 1.52230776e-02
  1.04354418e-02 2.47855098e-02 1.09109488e-02 9.47276435e-03
  9.76428636e-03]
 [3.06015792e-02 2.99992205e-02 1.58915861e-02 1.95489929e-02
  1.74341467e-02 3.81108634e-03 7.19092411e-03 1.29358875e-02
  7.88800386e-03]
 [4.70649289e-02 3.35551171e-02 2.98016455e-02 1.61818117e-02
  1.49359520e-02 2.93758632e-02 1.84071980e-02 2.46981159e-03
  5.72274267e-03]
 [4.18563205e-02 2.11881070e-02 3.64500658e-02 3.18889432e-02
  1.37151653e-02 1.36269528e-02 1.16422128e-01 1.36716663e-02
  1.10529040e-02]
 [8.93116844e-02 2.27871836e-01 2.78821129e-02 2.52778116e-01
  3.81699597e+00 1.22143233e-02 6.22049624e-03 6.82965647e-03
  8.92668058e-03]
 [3.97534103e-02 1.69056948e+00 1.00240179e-02 2.32375294e-02
  2.06229981e-02 3.07999111e-03 7.26501571e-03 5.37680497e-03
  1.04323999e-02]]
  
n_samples_all = [100, 200, 400, 600, 800, 1200, 1600, 2000, 2500]
error = [0.41066681, 0.22351824, 0.02317797, 0.04455964, 0.01460594109, 0.01370771, 0.010941605, 0.0076502, 0.00843573]


Error p: 
[[0.80765138 0.07498024 0.09676251 0.01454241 0.0118698  0.00470932]
 [0.81483498 0.08003401 0.07387738 0.01206705 0.00593494 0.00374514]
 [0.8124806  0.08949295 0.07795371 0.00782367 0.00759268 0.01585907]
 [0.78038506 0.16792378 0.07259537 0.01372381 0.01430094 0.00939147]
 [0.77346737 0.13020644 0.06944299 0.01333901 0.00476607 0.00959444]
 [0.800893   0.13736481 0.04455997 0.00646482 0.01196469 0.00865921]
 [0.75354741 0.07347215 0.07763562 0.01042765 0.01494323 0.00481119]
 [0.81212068 0.08355572 0.05181792 0.00705658 0.00719651 0.0192364 ]
 [0.83385349 0.08083653 0.06649928 0.01782216 0.00899049 0.00646167]
 [0.80914176 0.14323651 0.04704018 0.00673161 0.00745139 0.01183993]]

p_all = [1,2,3,4,5,6]
error =  [0.79983757 0.10611031 0.06781849 0.01099988 0.00950107 0.00943078]


Error Nq

[[1.93988782 0.01995841 0.01418941 0.00673587 0.00446894 0.00494772
  0.01735197 0.00874947]
 [2.50256481 0.01152577 0.0085186  0.02442568 0.00506268 0.00273063
  0.00779872 0.00569831]
 [2.18533341 0.01846415 0.00699778 0.02183744 0.00833718 0.00511115
  0.01451518 0.00532328]
 [0.35984922 0.01726516 0.02300923 0.01143308 0.014919   0.02182469
  0.00690803 0.01180374]
 [1.48443199 0.02305419 0.00732786 0.29693252 0.0063591  0.03065446
  0.00911376 0.00575163]
 [1.222051   0.0183222  0.00635327 0.03445673 0.0764437  0.00620149
  0.03244732 0.00742654]
 [1.68429502 0.01172352 0.01572326 0.00594186 0.01257933 0.01219544
  0.01430967 0.00728304]
 [1.80212618 0.02333749 0.01270059 0.00964543 0.00311498 0.01355214
  0.00624887 0.00450522]
 [0.49797644 0.02144749 0.01521393 0.00471752 0.02030132 0.00576243
  0.00432047 0.00707543]
 [0.32881017 0.02054625 0.01245455 0.01602602 0.01544079 0.0063948
  0.00632444 0.00756407]]

N_q_all = [2,5,8,10,12,15,20,25]
error =  [1.40073261 0.01856446 0.01224885 0.04321522 0.0167027  0.0109375
 0.01193384 0.00711807]


sparse PCE: 
 q = 0.5
 error =  [0.0938001 0.04157474 0.04589975 0.03891973 0.08371143
 0.03942076 0.0441511  0.0264194  0.04715589]
mean = 0.0512281
5 - 9 sekunden

q = 0.75 
error =  [0.00575874 0.00897754 0.0121472  0.01308247 0.0101239  0.01634425
 0.00794029 0.00633342 0.00785181 0.00516983]
mean = 0.00937294544717628
11-18 sekunden

q = 1
error =  [0.00542821 0.01096708 0.00899053 0.003423   0.0075425
 0.01016588 0.00687315 0.00415367 0.00441378]
mean = 0.0068842
32 - 45 sekunden

q = 0.85
error =  [0.00661625 0.00658672 0.01078498 0.02750577 0.00628771 0.01006897
 0.00681871 0.00858732 0.01114387 0.01149829]
0.010589858248997967

q_values = [0.5, 0.6, 0.7, 0.8, 0.9, 1.0]
error =  [[3.83126668e-02 1.21671612e-02 2.32835821e-02 6.39284812e-03
  5.71252884e-03 5.38093130e-03]
 [5.55648563e-02 2.25684485e-02 8.22080927e-03 8.08617222e-03
  4.78028658e-03 4.44409287e-03]
 [3.96480376e-02 4.37865867e-03 5.96996182e-03 7.71615996e-03
  3.74087122e-03 5.46478857e-03]
 [3.95436529e-02 9.96535150e+00 1.97081532e-02 1.12355606e-02
  1.45308272e-02 1.10379926e-02]
 [3.74703433e-02 2.81631072e-02 7.46225812e-03 6.84076078e-03
  5.23794597e-03 8.82393145e-03]
 [3.91806815e-02 7.39140220e-03 1.20333581e-02 1.12735074e-02
  1.35979638e-02 6.62688553e-03]
 [5.74821456e-02 3.54283092e-02 6.56608616e-03 6.16060135e-03
  8.35355325e-03 6.66768077e-03]
 [4.86938561e-02 1.06541792e-02 7.26644996e-03 7.10652073e-03
  7.07484046e-03 4.62253774e-03]
 [3.59957605e-02 1.11142389e-02 9.36298886e-03 5.84183772e-03
  4.05480300e+01 1.47215092e-02]
 [3.87202321e-02 6.84967096e-03 1.04347435e-02 9.30429562e-03
  1.52874939e-02 1.11916707e-02]]
error mean = [0.04306122 1.01040667 0.01103084 0.00799583 4.06263463 0.0078982 ]


SPCE vs. GPR 
n_samples_all = [50,100,200,300,500,1000,1500,2000]

[[0.08917301 0.27370519 0.02468135 0.04077935 0.01616459 0.0070596
  0.00607391 0.00544703]
 [0.17568337 0.06630264 0.01912369 0.01017971 0.03347378 0.03039766
  0.01022704 0.00504161]
 [0.08821274 0.04574526 0.0179616  0.00706305 0.02896348 0.01571395
  0.00596929 0.0076323 ]
 [0.12037973 0.03691898 0.05142822 0.01115447 0.01296031 0.00673811
  0.0050117  0.008175  ]
 [0.2165841  0.2033516  0.01367501 0.0406472  0.0150669  0.01730926
  0.0069971  0.01062134]] [[0.07480121 0.09802777 0.07304247 0.07252457 0.07227424 0.0613299
  0.06334493 0.06245321]
 [0.23869302 0.06812196 0.07197986 0.0671587  0.06726129 0.06247225
  0.06425854 0.06038747]
 [0.09374035 0.08528547 0.07162232 0.06832339 0.06580415 0.06677309
  0.06033589 0.06033824]
 [0.13288536 0.06612338 0.07574146 0.06194439 0.06293973 0.06241176
  0.06255994 0.06002615]
 [0.10811973 0.08116259 0.06076901 0.07877679 0.06700447 0.06117273
  0.06280593 0.06194577]]
error mean spce = [0.13800659 0.12520473 0.02537397 0.02196476 0.02132581 0.01544372
 0.00685581 0.00738346]
error mean gpr = [0.12964793 0.07974423 0.07063102 0.06974557 0.06705678 0.06283195
 0.06266104 0.06103017]